"Ht_temporal_entropy" "Hf_spectral_entropy" "number_of_freq_peaks" "number_of_freq_peaks_cqv" "peak_freq" "peak_freq_cqv" "ACTfract" "spectral_bandwidth_90" "ugof_isochronous" "npvi_ioi" "npvi_ioi_cqv" "num_syllables_per_unit_time" "duration_song" "syllable_duration_median" "ioi_duration_median" "syllable_duration_median_cqv"
"Acrocephalus_arundinaceus" 0.8151 0.6037 31.5 2.381 3327.5469 7.201 0.3647 1894.9219 0.4924 26.9786 4.3535 5.6071 11.5 0.0555 0.1778 1.6325
"Acrocephalus_palustris" 0.7639 0.626 31.9286 7.0866 4331.7598 10.1552 0.296 2571.6797 0.4049 15.2397 30.3922 5.7321 2.2143 0.0526 0.1269 4.7294
"Acrocephalus_schoenobaenus" 0.8412 0.724 30 6.7797 4372.0182 9.6295 0.3285 3488.3789 0.4761 16.8998 9.3049 6.7778 11.3333 0.0503 0.1294 7.0432
"Acrocephalus_scirpaceus" 0.8501 0.6361 22 0 3326.0469 0 0.3203 1851.8555 0.4862 22.9857 0 5.7879 33 0.0523 0.1654 0
"Aegithalos_caudatus" 0.7838 0.5594 25.625 21.2121 6699.6431 1.017 0.2732 1738.8062 0.5919 14.8113 10.2431 4.8816 3.25 0.0636 0.18 23.5421
"Alauda_arvensis" 0.8994 0.6304 16 0 4016.1094 0 0.2968 1851.8555 0.5233 21.3565 0 7.6176 33 0.0522 0.1248 0
"Alcedo_atthis" 0.8168 0.4925 32.1111 4.7619 5417.3898 2.5716 0.2031 2928.5156 0.287 16.3798 100 3.1111 0.4444 0.061 0.1783 14.6387
"Anthus_campestris" 0.7667 0.5526 19.2353 11.1111 4320.9506 12.1331 0.2772 1674.5232 0.4879 16.4213 57.3204 4.4412 0.8824 0.0426 0.1088 13.7935
"Anthus_pratensis" 0.7877 0.5215 8 12.5 4549.9505 7.967 0.3579 1062.3047 0.4995 22.1187 19.5104 8.2105 9 0.045 0.1161 4.0614
"Anthus_spinoletta" 0.8565 0.6217 10.5714 16.2791 4307.7171 5.8452 0.2756 2214.8438 0.5268 4.8197 21.4953 6.8408 5.5714 0.0671 0.1756 13.899
"Anthus_trivialis" 0.8539 0.6547 12 10.2041 4148.3307 4.2896 0.3292 2469.1406 0.5527 8.7246 13.3448 6.4222 7 0.0576 0.1546 3.1819
"Apus_apus" 0.8716 0.5946 27 1.8519 5288.7682 1.6085 0.2297 1593.457 0.5545 24.3104 8.3452 6.8333 6 0.058 0.1309 2.1767
"Carduelis_carduelis" 0.8056 0.6344 27.8889 5.4545 3413.75 12.7028 0.2729 2277.7344 0.4829 14.2592 18.3745 6.4057 3.4444 0.0506 0.1132 5.0367
"Certhia_brachydactyla" 0.8757 0.5836 30.5 5.8333 5210.4688 4.8463 0.2242 1647.29 0.4746 25.7397 22.5327 8.5 1 0.06 0.1208 0.7526
"Certhia_familiaris" 0.8332 0.6148 28.6667 8.6207 6411.8281 5.4678 0.2223 2612.6953 0.499 16.5162 6.3632 7.2222 3 0.051 0.1205 1.0642
"Cettia_cetti" 0.7906 0.642 29.6667 9.2437 4006.1094 6.8829 0.3273 1952.3438 0.4828 27.382 8.3764 6.4444 2.3333 0.0547 0.1502 2.6692
"Chloris_chloris" 0.8104 0.5356 25 11.5578 3428.2195 4.3152 0.2167 1270.459 0.5633 5.9026 49.9615 9.6167 1.9 0.0385 0.0787 7.6954
"Cinclus_cinclus" 0.7534 0.6362 22 10.3448 3988.8428 11.6385 0.3243 2573.2178 0.5443 24.3861 7.165 5.0496 6.75 0.0553 0.1945 3.5181
"Cisticola_juncidis" 0.6902 0.6065 14 0 7193.0234 0 0.1964 1937.9883 0.554 25.9885 0 4.0714 14 0.0537 0.2061 0
"Clamator_glandarius" 0.8574 0.5823 34.3636 10.1449 2759.0018 39.9277 0.1578 2525.2575 0.317 9.1595 100 5.1515 1.2727 0.066 0.1056 11.6455
"Coccothraustes_coccothraustes" 0.5343 0.3069 33.4 1.4925 5218.3687 0.1726 0.2445 249.7852 0.1533 9.4068 100 2.4 0 0.0576 0.1798 0.6364
"Columba_livia" 0.9156 0.2708 2 0 428.0977 0.7592 0.1633 172.2656 0.4819 15.4505 5.1423 9.5 1 0.045 0.1038 8.062
"Columba_oenas" 0.8415 0.1984 2.3333 20 387.8646 0.3856 0.259 114.8438 0.4724 15.0141 56.6701 4.2222 0.8889 0.0597 0.1537 6.7598
"Columba_palumbus" 0.8516 0.2976 1 0 496.1973 3.0358 0.342 236.8652 0.5002 26.5452 5.0521 5.875 5.5 0.0512 0.1393 2.1233
"Coracias_garrulus" 0.8181 0.5504 30.2143 13.1148 2264.8627 29.2246 0.257 1455.0293 0.3744 18.1409 53.4586 5.0095 2 0.053 0.1448 8.0094
"Corvus_corax" 0.7891 0.4849 34 4.3478 1327.9807 5.903 0.2065 1597.9122 0.1791 8.8103 100 2.3793 0.4483 0.0832 0.1749 21.5017
"Corvus_corone" 0.8242 0.5673 27.6 14.2857 1801.9227 18.6348 0.2396 1688.2031 0.5236 28.7789 8.3501 7.1567 3.4 0.0495 0.1347 14.2942
"Corvus_frugilegus" 0.8997 0.5325 26.8 14.8148 1398.2852 12.0514 0.1721 1455.6445 0.4008 16.1009 62.4416 6.3 1 0.0588 0.1058 2.9388
"Corvus_monedula" 0.7831 0.5026 31.1111 6.25 1894.4184 16.5452 0.1969 1665.2344 0.2074 6.2691 100 4 0.4444 0.0543 0.1228 1.3324
"Cuculus_canorus" 0.7326 0.2728 1.6 33.3333 627.9031 12.2449 0.385 241.1719 0.2446 27.2066 100 2.8 1 0.0801 0.2278 23.8135
"Sylvia_cantillans" 0.8135 0.6567 27 7.4074 3865.0969 11.9545 0.3154 2222.2266 0.4835 15.3794 4.4851 9.0667 3.2 0.0453 0.101 3.9965
"Sylvia_communis" 0.8766 0.6054 31 4.918 3182.8477 9.308 0.2556 1757.1094 0.5159 17.5322 7.9674 8.7714 5.4 0.0518 0.1199 1.412
"Sylvia_curruca" 0.8015 0.6128 23.6 12.5 4001.8961 8.674 0.3002 1714.043 0.4611 14.051 7.8093 9.4667 2.6 0.0441 0.0872 8.1893
"Sylvia_hortensis" 0.8524 0.494 21 10 2577.518 0.9209 0.2538 981.9141 0.4751 17.8494 18.9786 6.6 2 0.055 0.1263 8.1106
"Sylvia_melanocephala" 0.7913 0.5263 25.75 15.942 4407.2236 1.57 0.2641 1205.8594 0.4602 16.0784 18.7975 12.25 1.5 0.039 0.09 3.4722
"Sylvia_undata" 0.8661 0.5984 22 4.5977 4015.6426 0.7924 0.2585 1614.9902 0.5337 14.4192 5.9497 9.5417 2.25 0.0463 0.098 4.106
"Parus_caeruleus" 0.8266 0.4834 19.8333 21.25 5017.8366 4.8531 0.2455 1457.0801 0.4841 10.9574 29.4255 8.3056 2.3333 0.0553 0.1246 18.3383
"Delichon_urbica" 0.808 0.6602 17.5 1.4286 4030.6426 10.3928 0.2953 2196.3867 0.534 17.4584 7.8567 7.8 9 0.0501 0.1212 0.7215
"Dendrocopos_major" 0.6773 0.5043 25.5263 22.2222 2024.367 52.1556 0.2287 1434.7913 0.3349 8.884 100 6.9474 0.6316 0.0398 0.0787 22.0276
"Dendrocopos_minor" 0.8159 0.464 18.625 22.7586 1715.7065 11.6213 0.248 1534.2407 0.4753 18.4748 19.6867 13.3542 1.625 0.0382 0.0817 15.486
"Dryocopus_martius" 0.8058 0.4028 17.8333 7.483 1646.9902 10.9655 0.2321 854.1504 0.4836 12.1667 73.8482 10.2917 3.5 0.048 0.1403 22.9557
"Miliaria_calandra" 0.8415 0.6504 20.5 8.2353 5221.4688 1.851 0.3454 2562.4512 0.5205 19.8289 15.7337 9.125 2.75 0.0434 0.1081 9.4681
"Emberiza_cia" 0.7399 0.6334 30 4.2017 4847.7266 5.2347 0.3028 2598.3398 0.4422 21.7965 9.9372 7.6111 2.6667 0.0493 0.134 2.188
"Emberiza_cirlus" 0.8763 0.5033 23.2 6.383 4164.7617 1.1633 0.2448 1162.793 0.5166 5.1065 9.3272 9.2 2 0.0496 0.1049 1.4913
"Emberiza_citrinella" 0.8532 0.5932 22.5 7.6923 4747.7715 8.4164 0.2429 1991.8213 0.5102 15.3274 11.2733 9.625 2.75 0.0501 0.0974 2.1683
"Emberiza_hortulana" 0.836 0.4579 22.2727 8.6957 3694.8082 9.9542 0.2872 1284.1619 0.4981 23.7646 8.1233 6.6364 1.7273 0.0573 0.1205 9.7201
"Emberiza_schoeniclus" 0.8312 0.5789 22.75 7.2626 3699.1279 0.3653 0.3146 1593.457 0.5261 7.5882 3.4657 4.875 2 0.062 0.2012 3.8336
"Erithacus_rubecula" 0.8301 0.5906 21.25 13.1429 4314.5908 0.401 0.2834 1884.1553 0.5305 19.0011 12.8349 8.1833 3 0.0475 0.1039 2.6633
"Ficedula_hypoleuca" 0.8277 0.6241 29 8.4746 4122.482 1.9736 0.3078 2205 0.4881 19.9369 22.2514 6.8 2 0.0566 0.1685 1.3593
"Fringilla_coelebs" 0.8153 0.5785 25 4 3190.8477 4.0615 0.2946 1525.7812 0.3872 9.1774 17.0672 7.119 2 0.0617 0.1443 13.4809
"Galerida_cristata" 0.809 0.5692 19.25 14.4654 4049.6924 1.4918 0.3081 1259.6924 0.4732 26.9897 9.5433 5.725 9.75 0.0537 0.1468 3.9723
"Garrulus_glandarius" 0.9051 0.6666 33 2.9412 2840.9031 3.8813 0.2184 2583.9844 0.458 22.5785 3.3265 6 1 0.0508 0.1157 8.5647
"Hippolais_icterina" 0.8422 0.7301 37.25 1.6835 4216.958 22.5041 0.3273 4231.2744 0.5037 19.0543 13.6311 6.4571 13.75 0.0513 0.148 1.5787
"Hippolais_polyglotta" 0.7893 0.599 30.0833 14.2857 3775.333 3.6111 0.2748 2052.832 0.5374 17.2269 12.0633 7.0916 3.25 0.0519 0.1304 8.8159
"Hirundo_rustica" 0.8471 0.6597 14.6667 10 4209.0859 5.1284 0.3104 2311.2305 0.4952 26.6433 4.7837 7 7 0.0493 0.1263 1.4719
"Jynx_torquilla" 0.844 0.5039 22 7.8652 3213.8919 6.2353 0.2883 1650.8789 0.4604 12.3857 44.9878 5.6278 4 0.0585 0.193 4.4032
"Lanius_collurio" 0.748 0.56 26.6364 8.4112 2849.8679 16.5475 0.2601 2290.3498 0.4867 22.088 32.887 6.9242 1.4545 0.0518 0.1174 8.0706
"Lanius_excubitor" 0.7205 0.4011 26.4737 13.2075 2675.5841 10.2455 0.2875 784.2619 0.4156 20.6013 26.9419 4.4737 1.0526 0.0515 0.1352 4.7306
"Lanius_minor" 0.696 0.3914 26.9444 14.2857 2644.0658 10.2899 0.2701 717.7734 0.5235 25.4329 19.6322 4.8611 0.9444 0.05 0.1377 4.7419
"Lanius_senator" 0.8198 0.6723 33 3.0303 3398.1465 1.002 0.3391 2799.3164 0.4876 21.3716 2.1345 6.4652 16.5 0.0515 0.1382 0.6988
"Dendrocopos_medius" 0.9057 0.5764 32.1 3.125 2819.7832 3.7727 0.1957 1813.0957 0.4934 17.3017 14.3376 6.315 3.1 0.0588 0.1213 9.4724
"Carduelis_cannabina" 0.8819 0.6899 32 0 3208.9141 0 0.2791 2799.3164 0.5106 18.5962 0 7 14 0.0551 0.1335 0
"Locustella_naevia" 0.9076 0.5023 11 0 5971.1641 0 0.2528 1248.9258 0.4927 19.7127 0 9.6 33 0.0493 0.1016 0
"Parus_cristatus" 0.8082 0.5568 20.1667 7.6923 4496.0397 20.787 0.2786 2368.6523 0.5235 17.2695 9.4005 10.3333 1.8333 0.041 0.0874 9.4933
"Loxia_curvirostra" 0.6838 0.5492 33.6 6.3197 4276.7277 3.2426 0.3403 1942.2949 0.0816 2.3773 0 2.6 0.2 0.0542 0.173 0.0081
"Lullula_arborea" 0.7868 0.5192 8.6 25 3672.4047 12.4965 0.3085 1180.0195 0.4733 14.4608 48.5373 7.0667 3.8 0.0547 0.1387 9.6786
"Luscinia_megarhynchos" 0.7514 0.5245 21.6 2.2222 2971.7156 8.4654 0.2938 1567.6172 0.4972 17.2763 55.6853 6.5667 3.4 0.0549 0.1421 7.8925
"Luscinia_svecica" 0.796 0.553 25 15.8416 4021.3926 4.9403 0.288 1690.3564 0.5121 22.1732 15.7731 7.0491 7.75 0.0533 0.1576 2.3896
"Merops_apiaster" 0.7582 0.4356 26.375 8.9202 1943.3135 3.384 0.2535 576.0132 0.5323 14.6991 22.692 5.3229 3.375 0.0558 0.1653 6.0783
"Motacilla_alba" 0.811 0.6071 17.875 13.6691 4464.9482 1.915 0.2532 1873.3887 0.0657 2.4201 0 2.5 2 0.0596 0.0926 19.929
"Motacilla_cinerea" 0.7849 0.5946 12.6 15.3846 6147.2164 1.9362 0.2796 1998.2812 0.5498 12.5998 15.929 6.15 1.6 0.052 0.1228 4.1057
"Motacilla_flava" 0.7696 0.613 21.5556 16.2791 4897.1558 2.067 0.2631 1985.8398 0.354 23.5267 100 3.7222 0.7778 0.0559 0.1335 1.9428
"Muscicapa_striata" 0.7114 0.6927 33 8.1481 7020.7578 4.4673 0.1992 3732.4219 0.5235 22.1088 13.5378 5.4048 8.6667 0.0513 0.1654 0.711
"Nucifraga_caryocatactes" 0.8905 0.5751 18 1.3889 2111.9375 0.2071 0.3164 1238.1592 0.5512 34.0984 5.1659 4.5 2.25 0.1065 0.219 24.6465
"Oenanthe_oenanthe" 0.7871 0.5432 32.4444 4.6154 4088.1311 3.175 0.2672 1583.8867 0.4807 16.6524 18.7287 7.7222 1.4444 0.0561 0.1314 4.1065
"Oriolus_oriolus" 0.7345 0.3899 29.4286 5.1724 2085.8638 5.8256 0.2554 682.9102 0.509 16.7078 32.1163 6.7143 1 0.0511 0.138 3.4524
"Parus_major" 0.8458 0.471 22.4 9.0909 4165.7484 0.9278 0.2973 1309.2188 0.5087 25.8361 24.0881 5.8333 3.4 0.0569 0.1548 9.4297
"Passer_domesticus" 0.9148 0.5794 37.6 5.2632 3715.4578 10.6356 0.1645 1860.4688 0 0 0 1.4 0 0.0633 0.0936 19.7557
"Passer_montanus" 0.637 0.6332 36.3333 0.6897 3122.4258 1.6364 0.3263 2368.6523 0.1586 9.7897 100 3.5556 3 0.0626 0.1819 10.7254
"Parus_ater" 0.823 0.5661 20.9 10.8571 5191.3422 4.2154 0.2569 1929.375 0.5019 15.6813 55.6653 6.8357 3.1 0.057 0.1369 6.1822
"Petronia_petronia" 0.8105 0.5664 32.1429 3.125 3518.6456 16.8455 0.2298 1790.332 0 0 0 2 0 0.0639 0.1603 6.2488
"Phoenicurus_ochruros" 0.7654 0.5728 24.3333 5.1546 4524.9062 4.9337 0.3033 1291.9922 0.514 19.4567 7.754 6.6944 4.6667 0.051 0.125 5.0007
"Phoenicurus_phoenicurus" 0.7904 0.5297 27.6 7.1429 4054.5891 0.1357 0.2906 1765.7227 0.4956 21.1881 6.6753 7.0667 2.2 0.0525 0.144 1.3877
"Phylloscopus_bonelli" 0.8856 0.6762 23.1667 6.8063 4194.2305 1.2747 0.16 2605.5176 0.3907 4.4872 12.0828 12.8333 1 0.0317 0.0614 1.7324
"Phylloscopus_collybita" 0.7558 0.6082 22.8 8.6957 4080.6289 2.3404 0.3112 1731.2695 0.4927 25.2792 43.6866 5.0833 3.6 0.054 0.1911 9.8602
"Phylloscopus_sibilatrix" 0.8484 0.6111 22.75 13.8122 4404.2236 20.4204 0.2888 2271.7529 0.514 15.688 35.0896 9.7292 4 0.0457 0.111 3.8857
"Phylloscopus_trochilus" 0.8095 0.6097 21.3333 5.8824 3086.6927 0.4619 0.2963 1937.9883 0.4896 9.0538 14.7397 8.7778 3 0.0513 0.1272 0.7134
"Pica_pica" 0.8642 0.5351 29.6 11.4754 2614.7711 11.4969 0.1913 1412.5781 0.3257 12.6466 100 6 0.6 0.0546 0.0981 7.4904
"Picus_canus" 0.7949 0.4354 27.1667 8.7719 1639.6348 22.4033 0.2261 1220.2148 0.5374 15.1108 73.4143 9.0139 2.5 0.0529 0.1525 28.4191
"Picus_viridis" 0.8376 0.3404 23.25 4.8128 2092.6709 0.3945 0.2701 301.4648 0.5042 1.8995 27.0811 6.6875 2.75 0.0566 0.1602 2.2579
"Parus_montanus" 0.768 0.5724 25.7143 9.2683 4776.7285 15.9025 0.2908 2187.1582 0.508 17.4708 60.0098 6.1786 1.1429 0.0553 0.1446 9.5376
"Parus_palustris" 0.7465 0.5845 26.5862 13.2075 4390.3553 8.816 0.3126 1883.0415 0.4895 14.6717 50.6506 6.8707 1.4828 0.0535 0.1448 6.8529
"Prunella_modularis" 0.8404 0.6218 14.5 5.0847 5268.5684 1.1375 0.2857 1923.6328 0.505 14.7228 6.0252 8.6667 3.1667 0.0519 0.1144 1.0565
"Ptyonoprogne_rupestris" 0.7916 0.5658 33.1304 8.8235 3444.1591 11.1111 0.1726 1664.6102 0.1217 5.0529 100 1.9565 0.3043 0.0602 0.1525 11.9431
"Pyrrhocorax_pyrrhocorax" 0.8855 0.6011 29.8571 10.9244 2329.5195 9.1375 0.2232 2036.4258 0.4312 24.7236 55.4132 3.3265 1 0.0625 0.135 7.0709
"Pyrrhula_pyrrhula" 0.7754 0.517 17 0 2046.0547 0 0.2599 1119.7266 0.5102 22.509 0 6.3077 26 0.0515 0.1437 0
"Regulus_ignicapillus" 0.8585 0.4492 16 25.3968 7526.7881 1.7172 0.2388 667.5293 0.4907 6.6804 19.5204 8.375 2.25 0.0546 0.1161 1.1699
"Regulus_regulus" 0.8045 0.6118 23 10.1124 6150.2679 11.8072 0.2747 2633.2031 0.5039 18.7238 7.2461 8.3095 3 0.0495 0.1172 1.4719
"Riparia_riparia" 0.85 0.6605 17 20.5882 4418.0846 5.2825 0.2743 2167.6758 0.48 20.3111 14.1823 7 5.6667 0.0568 0.135 8.0899
"Saxicola_rubetra" 0.7499 0.6097 29.9286 11.5702 3525.8647 9.687 0.2698 2067.1875 0.501 17.7656 52.7964 6.6786 1.4286 0.0524 0.1297 8.5735
"Saxicola_torquata" 0.8517 0.6055 28 11.1111 4405.0625 5.2729 0.2704 1765.7227 0.4938 17.7486 25.12 9.8333 1 0.0525 0.1321 2.7074
"Serinus_serinus" 0.8867 0.7094 37.3333 2.6667 6807.4258 2.9657 0.2547 3402.2461 0.4181 17.4643 4.2839 9.9167 3 0.045 0.0953 0
"Sitta_europaea" 0.8368 0.4365 18.8182 15.3846 3191.2173 2.2509 0.2681 775.1953 0.4759 13.2582 85.8081 7.697 2.6364 0.0486 0.1425 15.4736
"Carduelis_spinus" 0.8419 0.6022 31 8.4746 4173.7617 4.3254 0.2835 1894.9219 0.516 17.6662 13.7691 8.1943 5.2 0.0505 0.1225 2.8645
"Streptopelia_decaocto" 0.8403 0.2309 1 0 513.7305 0 0.3585 129.1992 0.5308 22.9677 0 6.9524 21 0.0508 0.1495 0
"Streptopelia_turtur" 0.8343 0.224 1.9 0 544.777 1.1961 0.3019 129.1992 0.4778 21.3939 8.44 6.5075 2.7 0.0512 0.1153 7.3907
"Sturnus_vulgaris" 0.8134 0.6325 28 8.9286 3778.8501 29.263 0.2679 2987.2425 0.4958 25.7536 16.3542 6.771 5.5455 0.0533 0.1311 11.8638
"Sylvia_atricapilla" 0.8148 0.5755 28 2.7027 3262.9583 1.2758 0.3279 1449.9023 0.4683 23.5393 8.2171 6.4873 6 0.0522 0.1413 1.3876
"Sylvia_borin" 0.8266 0.6104 25.5 6 3128.2646 2.3108 0.3085 2056.4209 0.5327 16.7981 17.43 7.5812 5.5 0.0533 0.1288 4.4425
"Apus_melba" 0.8123 0.5535 29.25 2.9046 3933.5098 5.3616 0.2785 1507.3242 0.4631 8.2016 37.1642 10.05 7.75 0.0441 0.1047 14.1142
"Troglodytes_troglodytes" 0.8016 0.6109 16 4.7619 4907.5205 1.6122 0.3248 1808.7891 0.4813 13.3708 4.1285 8.5417 4.5 0.0444 0.105 6.0446
"Turdus_merula" 0.85 0.549 28 2.6549 2129.2207 1.7906 0.2809 1658.0566 0.4686 25.1986 15.7094 7 3.25 0.0562 0.1424 4.1775
"Turdus_philomelos" 0.7777 0.4895 24.2308 10.6383 3025.3717 8.7837 0.2821 1136.2906 0.445 23.5669 44.1575 5.9423 1.8462 0.0651 0.199 15.3826
"Turdus_pilaris" 0.7603 0.6945 29 8.7719 3929.7766 5.1066 0.3073 2988.8086 0.5359 18.0095 9.1004 6.7467 3.2 0.0536 0.138 1.3734
"Turdus_torquatus" 0.7286 0.6152 32.8125 5.1793 3326.376 19.4437 0.2752 2244.8364 0.4316 20.1632 40.8834 6.5312 1 0.0574 0.1436 15.4988
"Turdus_viscivorus" 0.8497 0.4366 25.6 8 2466.9453 5.0707 0.2485 568.4766 0.4355 27.8939 21.5035 6.9 1.2 0.0607 0.1765 18.9882
"Upupa_epops" 0.7655 0.1374 2.2857 11.1111 577.673 1.2207 0.3211 73.8281 0.3685 3.6842 12.209 2.8571 0.8571 0.0647 0.2179 1.7012
